0.1495    4.878    5.533 
  0.3646    5.094    5.371 
  0.2104    5.782    6.001 
 0.07869    5.756    5.861 
  0.2824    5.280    6.569 
  0.1664    5.822    5.879 
  0.2815    5.074    6.338 
0.002330    5.317    4.944 
  0.2174    4.772    5.567 
  0.3474    5.326    6.141 
 0.05001    4.849    5.925 
  0.6261    4.294    5.819 
  0.1912    4.859    5.891 
  0.1963    5.403    5.726 
 0.03845    6.570    5.949 
  0.3544    4.885    5.655 
  0.2753    4.877    6.442 
  0.1935    5.494    5.442 
  0.2327    5.278    5.320 
 0.09598    5.913    6.077 
  0.1529    5.688    6.035 
  0.1615    5.170    5.884 
  0.3035    4.962    5.505 
  0.1435    5.547    6.779 
  0.1405    5.292    5.721 
  0.1306    5.990    6.904 
  0.2885    5.383    5.372 
  0.1467    5.416    5.347 
  0.2666    4.828    5.977 
  0.2441    5.302    5.682 
  0.1506    5.166    5.865 
  0.1028    6.247    6.488 
  0.2550    5.159    4.663 
  0.1613    5.714    5.129 
  0.1676    6.314    6.696 
0.005220    5.620    6.472 
 0.07246    5.779    5.799 
  0.1348    4.954    5.379 
  0.1350    5.626    5.998 
  0.2195    5.803    5.474 
  0.1765    5.895    6.257 
  0.1321    5.984    6.324 
  0.2503    5.393    5.778 
  0.1728    5.142    5.948 
  0.1555    5.729    5.551 
  0.3403    4.564    5.917 
 0.07480    5.284    5.151 
  0.1913    5.357    5.560 
 0.03890    6.422    6.790 
  0.2167    5.401    5.745 
 0.02607    5.602    5.592 
  0.1650    5.434    5.705 
  0.1709    5.321    6.210 
  0.2868    5.056    6.092 
 0.08454    5.070    5.961 
  0.2033    5.117    5.742 
 0.08723    5.626    5.723 
  0.2826    5.347    5.896 
  0.2090    5.323    6.003 
  0.2735    5.146    6.185 
  0.2194    5.076    5.648 
  0.3048    4.851    5.569 
  0.1118    4.857    5.446 
 0.09303    5.422    5.761 
 0.05217    5.637    6.575 
 0.06589    6.714    6.257 
  0.1554    5.559    5.845 
 0.09365    5.217    5.734 
  0.2286    5.380    5.447 
  0.2835    4.821    5.570 
  0.1345    5.637    5.849 
  0.2532    5.203    5.992 
 0.09686    6.093    6.312 
  0.3595    4.906    5.438 
  0.1521    5.426    5.213 
  0.2079    5.125    5.649 
  0.2692    4.757    5.027 
 0.04542    6.078    6.111 
  0.3821    4.736    5.567 
 0.05562    6.090    6.051 
  0.1915    5.352    5.747 
  0.2811    4.783    5.449 
  0.1548    5.760    6.165 
  0.2443    5.057    6.521 
  0.1219    6.268    6.522 
 0.09934    5.561    5.598 
  0.1448    5.482    6.258 
  0.1355    6.141    6.287 
  0.1846    5.630    6.013 
  0.1727    5.058    5.790 
  0.1481    5.215    5.271 
 0.06570    5.449    6.256 
  0.1379    5.225    5.418 
  0.2978    5.017    5.497 
  0.2088    5.095    5.441 
  0.2803    3.609    5.014 
 0.04979    5.494    5.807 
 0.06779    6.194    5.722 
  0.2869    5.344    5.245 
  0.2105    5.199    5.615 
  0.1919    4.798    5.060 
  0.2201    5.305    3.634 
  0.2104    5.741    6.040 
  0.1073    5.778    6.284 
  0.1474    5.164    5.553 
  0.2632    5.508    6.087 
 0.08204    5.601    6.174 
  0.2816    4.427    4.874 
  0.1671    5.389    5.598 
  0.1209    5.132    5.075 
 0.04025    6.300    7.422 
  0.4534    4.359    5.702 
  0.1362    4.895    6.243 
  0.1849    4.899    5.616 
  0.1597    5.768    5.867 
  0.2930    4.812    4.714 
  0.2668    5.197    5.839 
  0.1877    5.000    5.554 
  0.2221    5.236    5.720 
  0.1164    4.585    5.342 
  0.1619    5.231    5.678 
  0.2004    5.465    5.782 
  0.2127    5.628    5.214 
  0.4178    4.788    5.820 
  0.1792    5.429    5.907 
  0.1664    5.042    3.900 
  0.1001    5.007    5.506 
  0.1422    5.583    5.788 
  0.1281    5.637    5.901 
  0.3946    4.647    5.482 
  0.1163    5.808    6.315 
  0.1678    5.068    6.237 
  0.2311    5.629    6.229 
  0.2879    4.958    6.476 
  0.1673    5.313    5.822 
 0.09101    5.797    5.672 
  0.1836    6.450    6.186 
 0.09221    6.156    6.263 
 0.08369    6.428    6.308 
  0.4842    5.194    5.979 
  0.3726    4.599    5.455 
 0.09470    5.429    4.667 
  0.2117    5.025    5.244 
  0.1569    5.212    5.941 
  0.2505    5.225    5.541 
 0.09586    5.386    5.405 
 0.02275    5.759    5.535 
  0.2127    5.227    6.289 
  0.3888    4.910    6.011 
 0.06102    5.320    5.699 
 0.05945    6.452    5.991 
  0.3622    5.332    5.907 
 0.05387    5.914    7.095 
  0.2192    5.510    5.917 
  0.2706    5.536    5.846 
  0.3427    4.834    6.076 
 0.05834    6.544    7.212 
  0.1631    5.210    5.370 
  0.1697    5.308    6.215 
  0.1082    5.442    6.033 
  0.1565    5.343    5.633 
  0.1377    5.372    5.800 
 0.07879    6.200    6.828 
 0.08440    6.295    6.410 
 0.09268    6.171    5.617 
  0.1104    5.630    6.253 
  0.2660    5.296    5.513 
 0.05827    5.484    5.235 
  0.1085    5.392    5.662 
  0.1565    5.556    5.376 
  0.1574    5.490    6.205 
 0.09887    5.629    6.004 
  0.1934    5.616    5.979 
  0.1815    5.003    5.139 
 0.09857    5.695    6.096 
  0.1055    5.763    6.071 
  0.3463    4.746    5.485 
  0.1196    5.795    5.768 
  0.3121    4.696    5.497 
  0.1461    5.531    5.843 
  0.1257    4.975    5.081 
  0.1395    5.010    6.011 
  0.1402    5.727    6.170 
  0.2394    5.352    6.353 
 0.07348    5.920    5.792 
  0.2979    4.928    5.720 
  0.1344    4.921    5.090 
  0.1519    5.112    5.420 
  0.1209    5.716    5.757 
  0.1082    6.151    5.890 
 0.09158    5.848    5.989 
 0.06510    6.579    6.413 
  0.4026    5.101    5.806 
  0.1355    5.360    5.849 
  0.2016    5.200    5.741 
  0.1045    6.072    5.896 
  0.2458    4.298    5.521 
  0.2258    4.987    5.979 
  0.1546    5.161    5.881 
  0.2710    4.887    6.276 
  0.1190    6.487    6.324 
  0.1667    5.382    6.401 
  0.1607    4.767    5.691 
 0.06985    5.289    5.654 
 0.06884    6.297    6.561 
  0.1621    5.548    5.631 
  0.1651    5.450    5.919 
  0.1797    5.300    5.559 
  0.1968    4.798    5.578 
  0.1709    4.911    5.610 
  0.2028    5.420    5.578 
  0.3134    4.847    6.058 
  0.2057    5.628    5.679 
  0.2263    4.064    3.882 
  0.2617    5.557    6.371 
  0.1833    5.544    5.829 
 0.09321    5.842    6.645 
 0.05465    5.705    5.723 
  0.1944    5.035    5.548 
  0.1137    5.971    6.070 
  0.3431    4.777    6.362 
  0.1452    5.436    6.094 
  0.1737    5.322    5.763 
  0.2167    5.328    5.762 
  0.1590    5.495    6.151 
  0.1126    5.337    5.950 
  0.2184    5.215    5.670 
  0.1256    4.799    5.704 
 0.04532    6.362    6.238 
 0.09498    5.648    6.484 
  0.1518    5.294    5.610 
  0.2570    5.303    5.543 
  0.1987    6.103    5.665 
  0.1748    5.742    6.580 
  0.2631    4.835    6.125 
  0.1790    4.748    5.321 
 0.07471    6.095    5.518 
  0.2194    5.496    5.634 
 0.07010    6.067    5.626 
  0.1178    5.335    5.628 
  0.1715    5.233    5.055 
  0.1686    5.055    5.075 
  0.1198    5.746    5.723 
  0.1980    4.994    5.930 
 0.09207    5.647    5.852 
  0.2694    5.227    3.321 
  0.2418    5.002    5.519 
 0.08980    5.913    6.051 
  0.2213    5.502    5.730 
  0.2444    5.965    6.241 
 0.04678    5.252    5.949 
  0.1729    4.450    5.338 
  0.2301    5.411    5.655 
  0.1512    5.111    5.503 
  0.1148    6.047    5.872 
  0.2453    5.240    5.779 
  0.1788    5.763    5.942 
  0.1498    5.382    5.867 
  0.1711    4.996    5.484 
  0.3296    5.379    5.863 
  0.1312    5.465    5.922 
  0.1285    5.560    5.665 
 0.05664    5.877    6.175 
  0.3739    4.781    4.931 
  0.1868    4.834    5.243 
  0.1325    4.277    5.106 
  0.2258    5.250    5.815 
  0.1592    4.902    5.162 
  0.1177    5.464    5.666 
  0.2505    5.205    5.819 
  0.2932    5.147    5.481 
  0.1732    4.944    5.359 
  0.1322    5.540    6.048 
  0.1138    5.677    6.237 
  0.1874    5.640    5.859 
  0.1736    5.609    5.521 
  0.2394    4.967    5.967 
  0.3215    5.043    4.969 
  0.1486    5.834    6.138 
  0.2501    4.833    5.283 
 0.09749    5.429    4.094 
  0.1633    4.438    5.032 
  0.1595    4.700    5.506 
  0.3793    4.858    5.365 
  0.6867    4.392    5.272 
  0.1153    5.153    4.748 
  0.1606    5.069    5.325 
 0.05553    6.412    7.260 
  0.1287    5.360    6.104 
  0.1347    5.608    5.242 
 0.08526    4.753    5.711 
  0.1616    5.582    5.518 
  0.1108    5.701    7.254 
  0.2016    4.993    5.611 
  0.1106    5.200    5.690 
  0.2904    4.991    6.297 
  0.2571    4.784    5.585 
  0.1677    4.130    4.900 
  0.2244    5.551    6.381 
  0.2093    5.098    5.342 
 0.06714    6.179    6.579 
  0.1901    5.506    5.807 
  0.1542    5.504    5.433 
  0.2076    5.112    5.309 
  0.2126    4.593    5.193 
  0.2962    4.765    5.920 
  0.1782    5.402    5.944 
 0.07082    6.545    6.599 
 0.02671    4.643    5.442 
  0.2589    5.042    5.465 
 0.08579    6.155    6.537 
  0.2602    5.243    6.165 
 0.05592    4.805    5.847 
  0.1486    5.419    5.647 
  0.1374    4.802    5.349 
  0.1301    5.959    6.392 
  0.2046    5.172    5.532 
  0.2234    4.867    5.438 
  0.1622    5.559    5.917 
  0.1236    5.523    5.369 
  0.2248    5.482    6.092 
  0.1829    5.507    5.322 
  0.1964    4.753    4.094 
 0.09792    5.623    5.396 
  0.4781    4.344    4.697 
  0.1194    5.215    5.159 
0.006168    6.586    6.500 
  0.1354    5.837    5.698 
 0.05823    5.794    6.537 
  0.3241    4.990    4.691 
  0.1302    5.882    6.072 
 0.08532    5.423    4.792 
  0.2008    5.487    5.446 
 0.06842    5.539    6.150 
  0.3957    4.401    5.578 
  0.1544    5.748    5.454 
  0.1150    5.106    5.552 
  0.2757    5.237    5.824 
 0.06924    5.775    6.337 
  0.2092    5.870    6.365 
  0.3318    4.557    5.485 
  0.1135    5.210    6.133 
  0.1469    5.089    5.991 
  0.1443    5.342    5.707 
 0.05793    5.210    6.351 
  0.1642    5.255    6.299 
  0.2985    5.465    5.179 
 0.06818    6.495    5.558 
  0.2586    5.022    5.846 
  0.2213    5.732    6.343 
  0.1567    5.691    5.909 
  0.1278    5.133    5.737 
  0.1367    5.412    5.441 
  0.1223    4.824    5.735 
  0.1010    5.616    5.973 
  0.1479    5.995    6.266 
  0.1303    5.889    6.755 
  0.1565    5.142    5.904 
  0.2984    4.799    5.543 
  0.1510    5.099    5.336 
  0.2090    5.558    6.102 
  0.1435    6.110    6.033 
  0.1828    5.327    6.429 
 0.04301    5.809    5.968 
  0.3313    4.671    5.820 
 0.05796    6.490    7.073 
 0.03717    6.435    6.030 
  0.1578    5.045    5.310 
  0.2574    5.755    6.597 
 0.05596    5.954    5.633 
  0.1241    5.502    5.568 
  0.2578    5.627    5.586 
 0.02639    5.402    5.903 
  0.2389    5.211    5.541 
 0.09900    6.307    4.095 
  0.2230    5.455    5.436 
  0.1746    6.347    6.949 
 0.09011    5.655    5.651 
 0.06531    5.193    6.109 
 0.03722    5.234    5.778 
  0.2186    5.380    5.624 
  0.1251    5.504    5.700 
  0.2328    5.428    5.780 
  0.1022    5.878    6.323 
  0.2349    5.218    5.754 
  0.2970    4.713    5.378 
  0.1820    5.345    5.300 
  0.2630    5.094    5.466 
  0.1790    5.518    5.746 
  0.2001    5.479    5.552 
 0.08098    6.134    6.481 
  0.3558    5.113    5.955 
 0.09565    5.592    5.390 
 0.09733    5.767    6.512 
  0.2069    4.414    5.624 
  0.2253    5.105    5.329 
  0.2279    4.931    5.958 
  0.1610    5.639    5.278 
  0.2125    5.308    5.527 
  0.1050    5.790    6.111 
 0.08776    5.964    6.087 
  0.1925    4.664    5.387 
  0.1091    5.805    5.798 
  0.3161    5.075    5.867 
  0.2409    4.992    5.571 
  0.3431    4.260    5.564 
  0.1863    5.413    5.803 
  0.2998    4.833    6.063 
 0.07242    5.756    5.649 
  0.2987    4.485    5.193 
  0.2550    5.301    5.580 
  0.1213    6.289    7.702 
 0.08111    5.502    6.392 
 0.06711    5.703    6.073 
  0.1336    5.999    6.504 
  0.2023    5.481    5.451 
  0.2632    5.037    5.810 
  0.3492    5.032    5.399 
 0.08191    5.598    5.556 
  0.1840    5.043    5.546 
  0.3038    4.794    5.274 
  0.1527    5.188    5.386 
  0.2284    5.172    5.991 
  0.4280    5.412    5.989 
  0.2928    5.141    5.993 
  0.2038    5.083    5.197 
 0.09873    5.348    5.805 
  0.1932    5.538    5.915 
  0.3513    4.801    5.627 
  0.2744    5.439    5.598 
 0.08815    5.723    5.476 
  0.1289    5.712    6.017 
 0.03835    5.723    4.844 
 0.03225    5.850    5.786 
  0.1393    6.019    6.213 
  0.2562    5.372    5.422 
  0.1481    5.436    6.481 
  0.1109    5.503    5.905 
  0.3044    5.024    6.126 
  0.2905    5.091    5.625 
  0.5300    5.088    5.591 
 0.03823    6.380    5.960 
  0.1806    5.789    5.999 
  0.1116    6.256    6.739 
 0.09013    6.088    5.972 
  0.4000    4.587    5.328 
  0.1602    5.268    5.739 
  0.1510    5.581    6.178 
 0.03714    5.847    6.415 
  0.1828    5.457    6.022 
  0.2647    4.849    5.576 
  0.1408    5.909    6.132 
 0.07337    6.614    7.418 
  0.3439    5.368    6.268 
  0.1982    4.932    5.411 
  0.1545    5.794    6.219 
  0.1244    5.200    5.347 
 0.01157    5.990    5.552 
 0.07545    5.272    5.852 
  0.1617    5.316    6.064 
  0.2022    5.357    5.499 
  0.1666    4.599    4.570 
  0.1071    5.491    5.590 
0.008423    4.420    4.376 
 0.07596    5.917    6.152 
  0.1493    5.880    6.534 
  0.1949    5.328    5.645 
  0.1109    6.145    5.991 
  0.1480    5.593    5.747 
 0.07782    5.295    6.184 
  0.3775    4.615    5.656 
  0.3179    4.895    5.440 
  0.2519    5.023    5.076 
  0.3734    4.755    5.023 
  0.1417    5.287    5.957 
  0.3296    4.656    6.054 
  0.3794    3.933    2.719 
  0.2328    5.226    5.340 
 0.09701    5.997    6.870 
  0.1589    5.560    5.878 
  0.1193    6.079    5.912 
  0.1967    5.366    5.461 
  0.1209    5.374    6.652 
 0.07713    4.521    5.085 
  0.2393    5.584    5.761 
  0.1858    5.080    6.108 
  0.2737    5.146    6.225 
  0.1901    4.943    5.754 
 0.03569    5.113    5.901 
  0.1558    4.939    6.442 
 0.04804    5.489    6.068 
  0.1252    5.825    5.389 
  0.1328    5.094    5.272 
  0.1503    4.850    5.620 
 0.03820    5.437    6.024 
  0.1558    5.310    6.304 
 0.07287    6.115    6.476 
  0.1940    5.762    6.132 
0.006443    6.249    5.659 
  0.1915    5.297    5.625 
  0.2282    5.319    5.957 
  0.2168    5.393    5.518 
  0.4453    4.716    5.606 
  0.3677    5.297    5.218 
  0.1029    5.723    6.300 
  0.1319    5.587    5.660 
 0.04247    5.846    5.074 
  0.1433    5.537    5.648 
  0.2059    5.147    4.817 
  0.2518    4.660    5.236 
  0.3498    5.454    5.758 
  0.1931    5.391    6.009 
  0.1885    4.960    4.605 
 0.07590    5.050    5.070 
 0.08223    6.341    5.839 
  0.1023    5.947    5.665 
  0.2865    5.256    5.579 
 0.08306    5.350    5.528 
 0.05602    5.225    4.852 
  0.3037    5.416    5.100 
 0.06172    6.093    6.054 
 0.09805    5.962    5.464 
  0.2055    5.139    5.694 
  0.2419    5.081    5.015 
  0.1169    6.005    6.870 
  0.2037    4.623    5.520 
  0.2412    5.438    6.177 
  0.1056    4.577    5.368 
  0.2089    5.096    5.242 
  0.1685    5.110    5.213 
  0.3366    5.131    5.858 
  0.2416    5.162    5.566 
  0.2553    4.609    5.377 
  0.1677    5.400    5.889 
 0.05278    5.826    5.839 
  0.1276    5.037    5.954 
  0.1281    5.751    7.456 
  0.1942    4.880    6.300 
  0.1995    5.215    5.759 
 0.08866    5.427    6.270 
 0.02453    6.947    6.443 
  0.1517    5.488    5.291 
 0.09869    5.757    6.470 
  0.3087    4.786    5.510 
  0.3387    4.688    5.218 
  0.1500    5.226    5.428 
  0.2896    5.285    5.690 
  0.1601    5.602    5.709 
  0.1534    5.671    6.366 
  0.1168    6.043    6.023 
  0.1774    5.416    5.603 
 0.09255    6.478    6.666 
  0.1535    5.106    5.610 
  0.2089    5.062    5.902 
 0.03447    6.096    6.224 
  0.2156    5.772    5.711 
 0.08752    5.806    6.138 
 0.05408    5.604    5.467 
 0.05521    6.555    6.057 
  0.1556    4.810    5.293 
 0.08927    5.586    6.051 
  0.1654    5.647    6.549 
 0.08637    4.830    5.333 
  0.3392    4.900    5.372 
  0.1418    5.869    5.704 
  0.1213    5.626    5.636 
  0.2261    5.331    6.098 
 0.07264    5.500    5.949 
  0.1737    5.103    5.017 
  0.3529    4.777    5.751 
  0.2065    5.655    5.546 
  0.3220    4.975    5.239 
  0.1874    5.558    6.297 
  0.1083    5.897    6.317 
  0.1670    5.473    5.892 
 0.07979    5.996    6.686 
  0.2259    4.845    5.923 
 0.03909    5.988    5.541 
  0.1076    5.714    6.614 
  0.3212    4.877    6.372 
 0.05857    4.854    5.384 
  0.3373    5.021    5.531 
 0.05602    5.737    5.612 
  0.1028    5.673    5.121 
 0.05020    4.795    6.143 
  0.2201    5.021    5.665 
  0.1117    5.245    5.590 
  0.1670    5.488    5.304 
  0.2815    5.329    5.490 
  0.1544    4.939    5.043 
 0.08698    5.400    5.395 
 0.06862    5.387    5.942 
  0.1179    5.546    5.918 
  0.1494    5.567    6.188 
  0.1915    5.027    3.219 
 0.05133    6.205    6.582 
  0.2289    4.450    4.978 
  0.1916    5.276    5.564 
 0.09385    5.468    6.178 
  0.1773    5.048    5.428 
  0.2770    5.087    5.200 
  0.1419    6.220    7.698 
 0.07907    5.931    5.887 
  0.1448    5.299    5.581 
 0.09258    5.693    6.214 
  0.2002    5.061    6.267 
  0.1110    5.352    5.702 
  0.2666    4.528    5.533 
  0.1396    5.843    6.325 
  0.1475    5.119    5.218 
  0.3008    4.908    5.764 
  0.2825    4.456    5.991 
  0.1492    5.112    5.567 
  0.2629    4.981    5.154 
  0.3210    4.928    5.547 
  0.1905    5.864    5.365 
  0.2529    5.380    5.551 
  0.1857    5.363    5.844 
 0.06547    6.172    5.559 
  0.2332    5.440    6.686 
  0.3221    5.074    5.990 
  0.4179    4.890    5.396 
  0.1743    5.636    6.323 
  0.1462    5.409    6.491 
  0.3535    4.966    6.461 
  0.2318    5.259    5.548 
  0.1551    4.805    6.130 
  0.1848    5.344    5.403 
  0.1138    5.863    5.878 
 0.08349    6.029    6.357 
  0.1526    5.921    6.605 
  0.2332    5.662    5.602 
  0.2416    5.184    5.676 
  0.1597    6.071    6.664 
 0.08441    4.969    5.714 
  0.2660    5.485    6.252 
  0.3535    5.417    6.256 
  0.2737    5.629    5.930 
  0.1000    5.204    5.635 
  0.3010    5.597    6.107 
  0.2119    5.466    5.388 
  0.2278    5.595    6.320 
  0.1901    5.425    5.763 
 0.04584    5.795    6.443 
  0.1954    6.099    6.217 
  0.1243    5.484    5.969 
  0.1903    5.335    5.989 
  0.1317    5.510    5.703 
  0.2082    5.373    6.445 
  0.3173    5.306    5.141 
  0.3861    5.413    5.757 
  0.5041    5.203    5.530 
  0.1890    5.384    5.921 
  0.3610    5.046    6.016 
  0.2427    4.587    5.602 
  0.3413    5.161    5.685 
  0.1705    4.847    6.114 
  0.1095    5.474    4.832 
  0.3053    5.094    5.552 
  0.2771    5.287    5.740 
 0.06629    5.763    6.116 
  0.1983    5.415    6.296 
  0.2001    5.105    5.818 
  0.1309    5.524    6.364 
  0.2068    4.684    5.952 
  0.2063    5.624    6.695 
  0.2265    5.197    6.109 
  0.3637    5.083    5.927 
  0.3118    5.717    6.843 
  0.1579    5.530    5.584 
 0.07726    6.881    5.570 
  0.1264    5.198    5.578 
  0.1829    6.116    6.551 
 0.08407    5.501    5.946 
  0.1869    5.067    5.859 
  0.1654    5.206    5.694 
 0.08575    6.194    6.085 
  0.1850    5.020    6.033 
  0.2178    5.760    6.461 
  0.4302    4.924    5.376 
  0.1981    5.745    6.238 
  0.1850    5.221    5.900 
  0.2358    5.276    5.742 
  0.4269    5.870    5.994 
  0.3096    4.961    5.847 
  0.2710    5.220    5.232 
  0.2034    5.056    5.378 
  0.2462    5.483    6.168 
 0.09789    5.516    6.028 
  0.2059    5.214    6.193 
  0.2756    5.883    5.887 
 0.09398    5.043    6.048 
 0.09796    4.787    5.131 
  0.3387    5.463    5.942 
  0.1945    5.575    5.759 
  0.2568    5.481    5.813 
  0.1213    5.788    6.199 
  0.2068    5.430    5.993 
  0.1653    5.179    5.918 
  0.2415    5.416    5.754 
  0.1796    5.633    5.922 
  0.1319    5.554    5.460 
  0.1457    6.126    6.391 
  0.2736    5.109    5.281 
  0.1919    5.317    6.506 
  0.1947    5.308    5.620 
  0.3625    5.178    5.873 
  0.2052    5.468    5.902 
  0.1804    5.368    5.491 
  0.3180    4.897    5.621 
  0.2812    5.580    6.640 
  0.3174    4.966    5.268 
  0.1250    5.000    5.881 
  0.1894    5.822    6.061 
  0.1145    6.790    6.001 
 0.08965    5.823    6.157 
  0.3074    4.682    5.179 
  0.1586    4.840    4.721 
 0.08165    5.986    5.883 
  0.2641    4.522    5.234 
  0.3536    4.880    5.676 
  0.1972    5.449    6.262 
  0.3422    4.455    4.999 
  0.2647    5.408    6.220 
  0.3646    4.948    6.199 
  0.1764    5.299    5.553 
 0.09138    5.961    4.248 
  0.2322    5.738    6.613 
  0.3234    4.831    5.600 
  0.3333    5.876    6.116 
  0.3278    5.260    6.023 
  0.1951    5.329    5.818 
  0.3533    5.460    6.440 
  0.2368    5.767    6.931 
  0.1965    5.208    5.252 
  0.3054    5.586    5.720 
  0.2444    5.865    6.967 
  0.1649    5.238    5.497 
  0.4633    5.030    5.873 
  0.3515    5.152    5.890 
  0.1400    6.103    5.790 
  0.3076    4.934    5.489 
  0.2929    5.146    5.808 
  0.3661    5.759    5.960 
  0.3476    5.226    6.194 
  0.1930    5.637    5.512 
  0.1903    5.188    5.152 
  0.1586    5.375    5.532 
  0.2345    5.798    6.279 
  0.2810    5.433    5.525 
  0.2366    5.373    6.030 
  0.1922    5.948    6.512 
  0.1769    5.648    6.153 
  0.1126    5.803    6.140 
  0.1013    5.910    6.261 
  0.2756    5.730    6.644 
  0.3474    5.273    6.282 
  0.2950    5.473    6.000 
  0.3040    4.786    5.623 
  0.1917    5.941    6.704 
 0.07611    6.544    6.755 
  0.2949    5.631    6.062 
  0.1274    5.774    5.984 
  0.2670    5.313    6.905 
  0.1657    5.824    6.260 
  0.1530    5.193    5.640 
  0.3282    5.236    5.813 
  0.2174    5.749    7.148 
  0.3645    4.692    5.471 
  0.1563    5.810    6.172 
  0.1828    5.362    6.140 
  0.2081    5.544    6.689 
  0.2064    5.584    5.972 
  0.2966    4.678    5.541 
  0.3645    5.244    5.834 
  0.2502    5.847    6.338 
  0.1804    6.054    6.835 
  0.1551    6.500    7.516 
 0.09341    5.964    6.367 
  0.3012    5.130    6.046 
  0.1576    5.367    6.292 
  0.1657    5.274    4.562 
  0.3432    4.854    5.607 
  0.1737    5.819    6.403 
 0.04431    5.046    5.442 
  0.1551    5.253    6.000 
  0.1309    5.637    6.177 
  0.2336    5.924    5.513 
  0.1639    5.785    5.799 
  0.2191    5.326    5.939 
  0.4204    4.935    2.197 
  0.4179    4.570    5.183 
  0.1184    5.887    6.881 
  0.1187    5.515    6.379 
  0.3237    5.150    5.598 
  0.1885    5.029    5.298 
  0.3264    4.811    6.023 
  0.3825    5.144    5.985 
 0.07729    5.269    5.960 
  0.2095    5.948    6.041 
  0.1397    5.972    6.397 
 0.07602    5.980    5.425 
  0.3229    5.551    6.017 
  0.1706    5.591    5.281 
  0.1139    5.671    5.927 
  0.1692    5.602    5.706 
  0.4936    5.317    5.998 
  0.2830    5.476    5.858 
  0.1356    5.771    5.590 
  0.3819    4.676    5.019 
  0.1221    5.672    6.219 
  0.3416    5.106    5.329 
  0.2804    5.557    5.940 
 0.08686    5.776    6.500 
  0.1848    5.740    6.131 
  0.2984    5.365    5.504 
  0.3524    5.115    5.891 
  0.2844    4.767    5.290 
  0.3318    5.475    6.048 
  0.3291    5.249    5.674 
  0.2156    5.424    5.994 
  0.2442    5.549    5.956 
  0.1266    5.428    5.741 
  0.1593    5.516    5.347 
  0.2013    5.402    5.812 
  0.2749    4.947    5.672 
 0.01495    4.595    5.794 
  0.1803    5.647    5.689 
  0.1784    6.127    6.694 
  0.2117    5.470    6.128 
  0.3009    5.279    6.151 
  0.2475    6.165    7.215 
  0.2640    5.459    5.262 
  0.2179    5.805    6.017 
  0.1705    5.671    5.835 
  0.1751    5.134    5.869 
  0.3775    5.491    6.412 
 0.05881    5.428    5.475 
  0.3532    5.412    5.490 
  0.2351    5.225    5.245 
  0.1902    5.821    5.737 
 0.09049    5.876    5.801 
  0.2948    5.779    6.219 
  0.2148    5.698    6.453 
  0.1303    5.518    5.708 
  0.1510    5.904    5.950 
  0.1677    5.560    5.849 
  0.4373    5.505    6.335 
  0.2893    5.605    6.317 
  0.3415    5.147    5.969 
 0.08280    5.087    5.282 
  0.2782    5.170    6.368 
  0.2520    4.916    5.314 
  0.1589    5.462    5.385 
  0.1560    5.812    6.030 
  0.1542    5.354    6.013 
  0.1513    5.644    6.285 
  0.2553    5.310    6.111 
  0.2619    4.746    5.481 
  0.1520    5.558    6.512 
  0.2333    5.030    5.332 
 0.09608    5.984    6.248 
  0.3138    5.356    6.525 
  0.1072    5.915    6.471 
  0.1574    5.736    4.732 
  0.3133    5.451    6.215 
  0.2424    5.210    5.835 
  0.1196    5.553    5.806 
  0.3194    5.047    5.746 
  0.1970    5.430    6.541 
  0.2530    5.737    6.070 
  0.3104    4.886    5.817 
  0.3731    5.355    5.724 
 0.08571    5.830    6.567 
  0.1986    5.301    6.059 
  0.3063    4.566    6.187 
 0.06337    6.107    6.051 
  0.3048    6.128    6.001 
  0.3323    5.002    6.917 
  0.1707    5.792    6.923 
  0.1630    6.275    6.498 
  0.2193    4.911    5.508 
  0.1833    5.377    5.382 
  0.2376    5.211    5.944 
  0.2776    6.083    6.371 
  0.1771    5.313    6.187 
  0.2337    5.306    5.648 
  0.3256    4.866    5.936 
  0.2746    5.501    5.630 
  0.2361    5.118    6.713 
  0.2611    5.371    5.028 
  0.2569    5.793    6.128 
  0.1557    5.883    7.057 
  0.3272    5.212    3.928 
  0.2366    5.551    6.084 
  0.2486    5.250    6.254 
  0.2868    5.254    5.376 
  0.1095    5.899    6.620 
  0.2620    5.359    5.698 
  0.1260    6.151    5.528 
  0.1396    5.684    6.193 
  0.2402    5.729    5.930 
  0.2935    4.697    5.134 
  0.2738    5.731    5.933 
 0.08187    5.004    5.347 
  0.1845    5.578    5.684 
  0.1601    5.938    5.711 
  0.3142    5.293    5.916 
  0.2165    5.765    6.511 
  0.3241    5.203    5.781 
  0.1317    4.511    5.235 
  0.2041    5.906    6.211 
  0.4139    5.186    5.223 
  0.1818    5.128    5.914 
  0.3159    5.394    5.920 
  0.2432    5.872    6.250 
  0.2642    5.456    5.999 
  0.1549    5.881    5.427 
  0.2720    5.151    5.796 
  0.4039    5.499    6.381 
  0.2046    5.846    6.152 
  0.1841    5.959    5.937 
  0.1755    5.300    6.078 
  0.2121    5.337    5.992 
  0.2266    5.263    6.134 
  0.2305    5.573    6.441 
  0.5279    5.137    5.627 
 0.04441    6.397    6.884 
  0.1649    5.845    5.412 
  0.1929    5.824    5.831 
  0.2979    5.025    6.147 
  0.2628    5.245    5.775 
  0.3360    5.070    5.900 
  0.1460    5.802    5.743 
 0.09405    6.061    5.940 
  0.2781    5.681    6.573 
  0.1869    5.492    6.357 
  0.2455    5.238    6.147 
 0.06121    6.140    6.350 
  0.2319    5.588    6.927 
  0.2551    5.427    6.017 
  0.2160    5.293    6.160 
  0.2416    5.237    5.687 
  0.1427    5.087    5.971 
  0.3124    5.315    5.355 
 0.03282    4.812    5.809 
  0.1722    5.056    5.794 
  0.1724    5.434    6.515 
  0.3152    4.727    4.467 
  0.1209    5.748    5.681 
  0.1393    6.115    6.358 
  0.1727    5.979    6.060 
  0.1810    5.613    6.009 
  0.2532    5.886    6.418 
  0.1783    6.214    7.201 
  0.1102    6.534    5.978 
  0.2958    5.448    5.981 
  0.2487    5.165    5.784 
  0.3633    5.242    5.319 
  0.1928    4.872    5.781 
  0.1235    5.849    6.061 
  0.2665    5.601    6.263 
  0.1196    5.990    6.154 
  0.2449    5.207    5.927 
  0.3762    5.084    5.369 
  0.1973    5.571    5.946 
  0.1645    6.100    6.382 
  0.5210    4.638    5.767 
  0.2940    5.507    6.024 
  0.2882    5.037    5.700 
  0.1045    6.029    6.493 
  0.3013    5.363    5.385 
  0.1288    5.460    5.282 
  0.2583    5.009    5.890 
  0.3522    5.043    4.824 
  0.1747    4.901    5.211 
  0.1112    6.461    6.294 
  0.1999    5.602    6.363 
  0.5303    4.850    5.974 
  0.3026    5.146    6.268 
  0.3377    5.031    6.050 
  0.4170    5.103    5.424 
  0.1598    4.911    6.015 
  0.1641    5.483    6.006 
  0.3906    4.809    5.299 
  0.1904    6.115    6.296 
  0.2165    5.147    4.787 
  0.2687    5.358    5.790 
  0.2789    4.823    5.992 
  0.3017    5.281    5.632 
  0.2519    5.285    6.970 
  0.2849    5.249    6.051 
  0.2156    5.328    5.431 
  0.2515    5.576    5.920 
 0.07582    4.784    5.792 
  0.1001    5.515    6.525 
  0.2129    5.809    6.502 
  0.2391    5.645    6.143 
 0.06362    6.241    5.710 
  0.1630    6.072    6.399 
  0.3178    5.214    5.847 
  0.1183    6.085    6.866 
  0.1787    5.188    5.716 
  0.1959    5.472    6.244 
  0.1510    5.629    6.039 
 0.09550    6.555    6.781 
  0.2458    5.422    6.293 
  0.1886    4.921    6.030 
  0.1268    5.913    6.383 
 0.08437    6.148    6.968 
  0.1881    5.424    5.669 
  0.1788    5.563    5.383 
  0.1493    5.624    5.627 
 0.02380    5.921    5.597 
  0.3351    4.925    5.227 
  0.1502    5.571    6.107 
  0.3559    5.314    6.165 
 0.01593    6.328    5.938 
  0.2322    4.865    5.098 
  0.1176    6.722    6.800 
 0.03206    7.429    7.505 
  0.2110    4.987    5.172 
  0.1936    5.036    5.802 
  0.1854    5.353    5.611 
  0.1867    5.312    5.723 
  0.1870    6.183    6.734 
 0.07969    5.541    6.245 
  0.4372    4.475    3.332 
  0.1705    5.641    5.727 
  0.1546    6.236    6.235 
  0.2770    5.495    4.873 
  0.2176    6.167    6.616 
  0.2911    4.908    5.520 
  0.1122    5.980    5.562 
  0.1254    4.968    5.403 
  0.2175    5.697    6.190 
  0.2969    4.903    5.808 
  0.2531    4.875    5.746 
  0.5137    5.298    6.156 
  0.2997    5.834    5.338 
  0.2374    5.659    5.989 
  0.2289    6.002    6.739 
 0.09092    5.965    6.430 
  0.2284    5.420    5.678 
  0.1745    5.387    6.593 
  0.2822    5.611    5.448 
  0.1271    5.637    5.816 
  0.1745    5.778    5.414 
  0.1203    5.514    5.831 
  0.1967    5.582    5.551 
  0.1511    6.102    5.821 
  0.1803    5.617    5.622 
  0.3583    5.170    5.451 
  0.2284    5.175    5.717 
  0.1986    5.827    6.485 
  0.3418    5.978    6.160 
  0.2702    5.595    5.832 
  0.3224    4.943    5.154 
  0.1597    5.452    6.646 
  0.1391    5.801    5.454 
  0.2117    5.205    5.686 
  0.2757    5.620    6.249 
  0.2406    5.142    5.787 
  0.3186    5.523    5.571 
  0.3249    4.991    5.203 
  0.3082    4.972    5.894 
  0.2149    5.404    5.942 
  0.2042    5.629    6.030 
  0.2406    5.502    5.717 
  0.3839    5.332    5.815 
  0.1267    5.075    6.189 
  0.2822    5.198    5.674 
  0.1104    5.579    5.202 
  0.3022    5.533    6.661 
  0.2578    5.368    5.791 
  0.2841    5.284    5.204 
  0.2884    5.127    5.868 
  0.3326    5.480    7.138 
  0.2287    5.519    6.544 
 0.07234    6.372    7.260 
  0.2627    5.250    5.467 
  0.2291    5.372    6.142 
  0.1781    5.524    5.943 
  0.2892    5.179    5.985 
  0.1749    5.801    6.238 
  0.2055    5.616    6.131 
  0.4112    4.596    5.278 
  0.2312    5.447    5.961 
  0.1430    5.543    6.251 
  0.2258    5.183    5.613 
 0.06816    5.992    6.495 
  0.1185    5.727    6.083 
  0.1735    5.105    4.997 
  0.3895    4.987    5.554 
  0.2218    5.679    6.335 
  0.2236    5.232    6.106 
  0.1976    5.840    5.629 
  0.2067    6.181    6.671 
  0.2756    5.557    6.415 
  0.1796    6.043    6.145 
  0.3254    5.013    5.759 
  0.1506    5.844    6.949 
  0.1194    5.609    6.435 
  0.2436    5.668    6.205 
  0.2629    5.084    5.316 
  0.2058    4.993    5.725 
  0.3349    5.008    5.414 
  0.2509    4.938    5.751 
  0.1911    6.001    6.568 
  0.3000    5.269    5.675 
  0.2673    5.715    6.360 
  0.1999    5.759    5.992 
  0.2591    5.622    6.492 
  0.1450    6.169    6.224 
  0.2445    5.334    5.254 
  0.2405    5.717    5.993 
  0.4489    5.030    6.313 
  0.1499    5.300    6.289 
  0.1647    5.944    6.022 
 0.08014    6.366    6.030 
  0.2072    5.408    5.241 
  0.4105    4.959    5.243 
  0.2562    5.381    5.556 
  0.2943    5.185    5.825 
  0.3441    5.143    6.065 
  0.2125    5.572    5.821 
 0.07714    5.834    5.314 
  0.4765    4.872    6.079 
  0.1980    5.658    5.909 
  0.1819    4.575    3.912 
  0.2829    5.694    6.596 
  0.2693    4.885    5.804 
  0.4234    5.082    5.731 
  0.2167    6.191    6.238 
  0.1367    6.142    6.418 
  0.2722    5.007    6.126 
 0.08508    5.329    5.615 
  0.2929    5.485    6.216 
  0.1253    5.399    6.434 
  0.1277    5.467    6.498 
  0.2752    5.266    6.757 
  0.1489    5.629    6.613 
  0.1912    5.638    5.940 
  0.2351    5.281    5.356 
  0.2340    5.798    6.175 
  0.3846    4.558    4.905 
  0.3106    5.363    6.091 
  0.2310    5.003    5.916 
  0.1434    4.984    6.096 
  0.2950    5.200    5.549 
  0.2603    5.518    6.212 
  0.1817    4.625    4.987 
  0.1847    5.167    5.711 
  0.2108    5.407    6.092 
  0.3640    4.972    5.691 
  0.3376    5.234    5.396 
  0.2258    5.300    5.156 
  0.1864    5.672    5.790 
  0.2365    5.252    5.828 
  0.1458    6.813    7.202 
  0.2263    5.823    6.229 
  0.3460    5.326    6.084 
  0.1582    5.520    6.017 
  0.2678    6.027    6.065 
  0.1160    5.454    6.410 
  0.4439    5.233    5.684 
  0.2196    5.851    6.468 
  0.2962    5.062    5.356 
  0.3168    5.255    5.847 
 0.04302    5.168    5.617 
  0.1057    5.641    5.821 
  0.2722    5.498    5.393 
  0.2923    5.222    6.059 
  0.3507    5.479    6.358 
  0.2169    5.772    5.817 
  0.1708    5.774    5.554 
  0.1691    5.399    5.451 
  0.3782    5.434    5.865 
  0.3700    4.996    6.258 
  0.1146    5.313    6.207 
  0.2347    5.696    6.151 
  0.2923    5.385    5.366 
  0.1104    4.881    5.296 
  0.3294    5.544    5.535 
  0.1056    5.938    6.125 
  0.1784    5.636    6.350 
  0.1981    6.038    5.605 
  0.1253    5.357    4.088 
  0.1937    5.545    6.130 
  0.1766    6.192    7.301 
  0.1889    5.546    5.534 
  0.2246    5.248    5.539 
  0.2226    5.719    6.048 
  0.2938    5.455    6.530 
  0.2406    5.239    6.125 
  0.1199    5.745    5.748 
0.008622    4.492    5.662 
  0.1125    5.224    6.337 
  0.5307    4.821    5.694 
  0.3082    5.200    5.361 
  0.2725    5.415    5.667 
  0.2214    5.374    6.050 
  0.1296    6.178    6.185 
  0.1071    4.859    5.556 
  0.1919    5.346    5.930 
  0.1775    5.754    5.610 
  0.1511    5.113    5.575 
  0.1777    6.079    5.540 
  0.1607    5.570    5.684 
  0.1250    6.170    7.136 
 0.03399    5.375    5.814 
  0.2581    5.131    5.182 
  0.2947    4.927    5.786 
  0.1934    5.207    5.418 
  0.2104    5.772    6.462 
  0.1445    5.609    5.850 
  0.2014    4.936    5.856 
  0.2584    5.733    5.655 
  0.2148    5.183    5.600 
  0.1148    5.001    5.699 
  0.3874    4.856    6.243 
  0.3011    5.006    5.696 
  0.3203    5.010    5.600 
  0.3284    5.331    5.966 
  0.2569    5.794    6.154 
  0.1399    6.177    6.208 
  0.1763    5.423    5.500 
  0.1635    5.162    5.433 
  0.2289    5.501    5.950 
  0.3267    4.807    5.622 
  0.3256    4.509    5.118 
  0.2243    5.123    5.675 
  0.2120    5.809    6.045 
  0.2385    5.071    5.591 
  0.2078    5.578    6.317 
  0.1251    6.041    6.565 
  0.2663    6.030    6.769 
  0.3386    5.647    5.877 
  0.1176    5.318    6.384 
  0.1472    6.220    6.566 
  0.2234    5.635    5.729 
  0.1783    5.247    5.666 
  0.1502    5.179    5.063 
  0.3318    5.626    6.128 
  0.2945    4.915    5.500 
  0.4400    5.429    5.552 
  0.2500    5.245    5.851 
  0.1936    5.291    5.429 
  0.2809    5.348    5.631 
  0.1260    5.598    6.035 
  0.1268    5.515    5.216 
  0.2374    4.748    4.829 
  0.1573    4.756    5.411 
  0.2744    5.077    5.132 
  0.2117    4.987    5.304 
  0.1988    5.372    5.625 
  0.2590    5.323    5.643 
  0.2602    5.830    6.025 
 0.04223    4.981    6.056 
  0.2429    5.700    5.861 
  0.1153    5.824    6.115 
  0.1982    5.236    5.531 
  0.2144    5.433    5.885 
  0.2381    5.351    5.886 
  0.3511    4.666    5.814 
  0.3475    5.165    5.766 
  0.3585    5.369    5.517 
  0.3786    4.783    5.578 
  0.1635    5.227    5.924 
  0.1938    5.610    5.574 
  0.3044    5.308    6.204 
  0.3241    5.449    5.874 
  0.3496    5.571    6.109 
  0.2992    5.541    6.125 
  0.2725    5.656    6.294 
  0.2323    5.274    5.099 
 0.05033    5.551    5.638 
 0.05513    6.843    7.192 
  0.1628    5.674    5.829 
  0.1328    5.708    5.784 
  0.3119    4.940    5.176 
  0.1634    5.114    5.668 
  0.2055    5.810    5.704 
 0.07726    5.659    5.859 
 0.06344    5.377    5.848 
  0.2982    5.449    6.222 
  0.2871    5.365    5.999 
  0.1429    6.259    6.386 
  0.1690    5.445    5.094 
 0.08800    5.925    5.969 
  0.2556    5.205    5.982 
  0.3193    5.141    6.195 
 0.09213    5.350    6.173 
  0.3513    4.951    5.670 
  0.2841    5.412    5.398 
  0.1201    6.405    6.970 
  0.2488    5.307    6.070 
  0.2025    5.376    6.052 
  0.1182    5.673    5.146 
  0.3569    5.312    6.048 
 0.07558    6.698    7.274 
  0.1091    5.417    5.399 
  0.1578    6.308    6.215 
  0.3269    4.952    5.489 
 0.03363    6.338    5.470 
  0.1285    5.800    6.391 
  0.2967    5.663    5.672 
  0.1160    5.443    5.906 
  0.1878    5.089    5.921 
  0.1028    5.327    4.828 
  0.2978    5.301    5.578 
  0.2164    5.688    5.041 
  0.3125    4.774    5.761 
  0.1648    5.726    5.813 
  0.1486    6.701    7.112 
 0.07501    6.885    7.653 
  0.2743    5.452    6.150 
  0.4221    4.726    5.955 
  0.2053    5.249    5.771 
  0.1740    5.168    4.314 
  0.1036    5.699    5.760 
  0.1825    5.354    5.741 
  0.1371    6.022    7.266 
  0.2409    5.407    5.818 
  0.5145    5.087    5.838 
  0.2528    5.450    6.656 
  0.3746    5.256    6.356 
  0.2917    5.398    6.020 
  0.1483    5.887    5.792 
  0.3053    5.217    5.606 
  0.1924    5.541    5.465 
  0.1487    5.717    5.503 
  0.2721    5.305    4.538 
  0.1904    6.038    6.571 
 0.06663    6.327    6.409 
  0.2247    6.174    6.457 
  0.2831    4.863    5.874 
  0.3484    5.394    5.883 
  0.1616    5.628    6.185 
  0.3293    5.513    5.832 
  0.2411    5.593    6.185 
  0.2216    5.315    6.051 
  0.2483    5.469    5.935 
  0.1909    5.986    6.223 
  0.2597    5.488    5.541 
  0.2826    4.812    5.372 
  0.2401    5.748    6.328 
  0.3529    4.911    5.328 
  0.2497    5.659    6.832 
  0.1894    5.779    5.557 
  0.1381    5.206    5.708 
  0.1823    5.682    5.679 
  0.1718    6.245    6.854 
  0.3571    5.560    7.457 
  0.1148    6.131    6.111 
  0.2090    5.669    5.136 
  0.2890    5.630    6.539 
  0.3524    5.660    5.618 
  0.2625    5.319    5.508 
  0.2695    5.501    5.647 
  0.2638    5.670    5.427 
  0.1882    5.426    5.299 
  0.1286    5.424    5.732 
  0.1066    5.368    5.525 
  0.3418    5.339    5.988 
  0.1691    5.426    6.324 
  0.1601    5.499    5.654 
  0.2595    5.327    5.824 
  0.1798    5.701    6.477 
  0.2939    5.366    6.382 
  0.4030    5.467    6.305 
  0.2901    5.893    7.645 
  0.4280    4.807    5.888 
  0.1044    6.103    5.561 
  0.3344    5.408    5.791 
  0.2589    4.759    5.501 
  0.3969    5.114    5.530 
  0.2364    5.429    5.750 
  0.2010    5.373    5.423 
  0.4666    5.171    5.767 
  0.3441    5.053    5.384 
  0.3002    5.336    5.752 
  0.2160    5.956    5.927 
  0.2809    5.419    5.479 
  0.1281    5.420    6.067 
  0.1391    5.279    6.175 
  0.2001    6.141    5.868 
  0.3070    5.168    5.494 
  0.1568    5.230    5.766 
  0.2775    5.271    6.529 
  0.1562    5.716    5.871 
  0.1494    5.547    5.848 
  0.1901    4.588    5.555 
  0.2622    5.755    5.963 
  0.1532    5.218    6.093 
  0.1446    5.180    6.050 
  0.5210    4.784    4.248 
  0.1872    4.549    5.261 
  0.4941    5.117    5.553 
  0.3422    5.281    6.075 
  0.3183    5.242    5.659 
 0.07236    6.118    6.470 
  0.1862    5.452    5.988 
  0.3565    5.260    5.298 
  0.1497    5.056    5.870 
  0.2890    5.080    5.709 
  0.1469    5.561    5.980 
  0.2045    5.066    6.080 
  0.2587    4.803    5.579 
  0.2373    5.518    6.219 
  0.1530    5.095    6.253 
  0.1472    5.829    5.687 
  0.1248    5.537    5.092 
  0.2563    5.451    6.780 
  0.1928    5.402    5.402 
  0.2172    4.905    5.821 
  0.1694    6.041    6.900 
  0.2676    5.201    6.314 
  0.2032    5.850    5.558 
  0.1919    5.507    5.763 
  0.1852    5.039    5.627 
  0.1696    6.141    6.669 
  0.2246    5.393    6.464 
  0.3651    5.022    5.405 
  0.3007    4.851    6.337 
  0.1143    5.237    5.495 
  0.3133    4.996    4.798 
  0.2414    4.593    5.166 
  0.1130    6.128    5.657 
  0.4222    5.174    6.487 
  0.2288    4.939    5.147 
  0.2648    5.291    6.253 
  0.2897    5.281    6.036 
  0.1296    6.324    6.421 
  0.1293    5.575    6.166 
  0.1907    5.230    6.456 
 0.08521    5.695    6.255 
 0.03853    5.864    5.898 
  0.1340    5.309    5.427 
  0.4792    5.556    6.084 
  0.1925    5.977    6.409 
  0.3653    4.979    5.857 
  0.3013    4.749    3.807 
  0.3724    4.810    4.499 
  0.2027    5.617    6.021 
  0.1921    5.499    5.169 
  0.2163    5.275    5.625 
  0.1428    4.819    5.766 
  0.3105    5.023    5.023 
  0.2718    5.508    6.297 
  0.2321    5.499    6.445 
  0.1406    5.777    6.219 
  0.1291    5.521    5.803 
  0.2267    5.790    6.310 
  0.4307    5.060    6.620 
  0.2205    5.387    6.006 
  0.2616    5.538    5.860 
  0.1859    4.494    5.761 
  0.2057    5.529    5.974 
  0.2000    5.489    6.422 
  0.2227    6.020    6.866 
  0.1570    5.160    5.318 
  0.2396    5.743    6.023 
  0.2721    5.805    6.177 
  0.1283    5.695    6.066 
 0.04366    6.778    6.904 
  0.2047    5.608    6.832 
  0.1524    5.768    5.884 
  0.4667    4.790    5.147 
  0.3389    5.051    5.795 
  0.2301    5.840    6.383 
  0.1901    5.338    5.686 
 0.08273    6.726    5.931 
  0.3010    5.939    6.343 
  0.2571    5.556    5.028 
  0.1591    5.744    6.725 
  0.1543    5.431    6.267 
  0.1629    5.838    5.847 
  0.2410    5.515    5.319 
  0.2489    5.004    5.761 
  0.1777    5.640    5.893 
  0.1961    5.394    6.090 
  0.3783    4.725    5.823 
 0.03643    7.071    7.337 
  0.2099    5.487    6.200 
  0.3888    5.801    7.236 
  0.2625    5.189    5.969 
  0.2231    4.911    5.955 
  0.2184    5.077    5.446 
  0.3462    4.756    5.928 
  0.4431    4.570    5.356 
  0.2031    5.167    6.179 
  0.3703    4.872    5.625 
  0.1418    6.054    6.144 
  0.2045    5.094    5.216 
  0.3913    4.860    5.533 
  0.1331    5.698    6.084 
  0.2885    5.524    6.300 
  0.2186    5.599    5.964 
  0.1742    5.420    6.295 
 0.06463    6.050    6.000 
  0.1373    5.703    5.993 
  0.2241    5.250    5.394 
  0.2911    5.207    5.877 
  0.3251    5.165    5.868 
  0.3515    5.000    5.333 
  0.1467    5.198    6.054 
  0.2005    5.387    5.179 
  0.2349    4.966    5.631 
  0.3410    5.025    6.137 
  0.1691    4.727    5.154 
  0.3231    5.311    5.374 
  0.3953    4.906    5.768 
  0.3904    5.059    5.778 
  0.1352    5.222    3.912 
  0.2450    5.376    6.257 
  0.2839    5.331    5.956 
  0.1833    5.073    5.031 
  0.1755    5.872    6.236 
  0.1955    5.906    6.203 
  0.2208    5.781    6.499 
  0.2105    5.495    5.980 
  0.4105    5.454    6.115 
  0.1878    5.292    6.127 
  0.1812    5.580    5.166 
 0.09502    5.166    6.302 
  0.2962    5.368    6.010 
 0.09847    5.690    5.796 
  0.2130    5.199    5.704 
  0.3124    5.196    5.848 
  0.3128    5.383    6.213 
  0.1907    5.500    5.008 
  0.4409    4.556    5.382 
  0.3291    5.439    6.353 
  0.1742    5.948    5.752 
  0.2457    5.869    5.150 
  0.3272    5.330    6.077 
  0.2152    5.529    5.792 
  0.1822    5.875    6.453 
  0.1572    6.089    5.454 
 0.09989    6.252    6.151 
  0.2012    5.666    5.987 
 0.06747    6.199    6.374 
  0.2280    5.663    6.338 
  0.2602    4.875    5.411 
 0.09468    5.657    6.496 
0.001393    4.774    5.395 
  0.1122    5.029    5.332 
  0.1980    5.728    5.075 
  0.1686    5.246    5.613 
  0.1854    5.406    5.386 
  0.2339    5.904    6.451 
  0.2112    5.822    6.246 
  0.3787    5.177    5.436 
  0.2436    5.368    6.710 
  0.3465    4.813    6.091 
  0.3178    5.246    6.086 
  0.1315    6.124    6.584 
  0.3995    5.125    6.164 
  0.1644    5.491    5.318 
  0.3279    5.232    6.504 
  0.1601    6.396    6.540 
 0.08366    5.029    5.662 
  0.2143    5.728    6.951 
  0.1657    4.959    5.883 
  0.4377    5.207    5.497 
  0.3235    5.406    6.314 
  0.1476    5.699    6.099 
  0.2454    5.037    5.722 
  0.1238    5.826    5.665 
  0.1859    5.674    6.434 
  0.3025    5.130    5.984 
  0.2738    5.615    6.085 
  0.2464    4.955    5.465 
  0.2097    5.455    6.101 
  0.2253    5.472    5.600 
  0.1715    5.753    5.825 
  0.1876    4.943    4.796 
  0.1918    5.552    5.966 
  0.1820    5.960    6.077 
  0.2155    5.360    5.865 
  0.1471    5.290    5.357 
  0.2216    5.464    6.180 
  0.1221    6.328    5.320 
  0.1294    5.341    6.342 
 0.04894    5.138    5.904 
  0.2410    5.116    5.236 
  0.2180    5.637    5.863 
  0.1781    5.492    5.617 
  0.1357    5.363    5.043 
  0.1768    6.122    6.486 
  0.4212    5.044    5.691 
  0.3282    5.252    5.623 
  0.2882    5.471    6.448 
  0.1562    5.829    5.328 
  0.1774    5.638    6.891 
  0.2613    5.601    5.722 
  0.1538    6.138    6.884 
  0.2754    5.283    5.518 
  0.1991    5.386    5.893 
  0.2931    4.757    5.208 
  0.2821    5.483    5.826 
  0.1797    6.403    6.735 
  0.2013    5.509    5.939 
  0.2102    5.389    6.335 
  0.3842    4.880    5.925 
  0.2844    4.763    5.119 
  0.2721    5.086    5.679 
  0.3749    5.138    5.735 
  0.2204    5.559    5.952 
  0.2812    5.311    5.768 
  0.1514    4.995    6.154 
  0.2084    5.513    5.619 
  0.1635    6.023    7.204 
  0.2675    5.337    6.049 
  0.2513    5.293    6.264 
  0.2392    6.309    7.605 
  0.2047    5.542    6.289 
  0.1694    5.863    6.915 
  0.3477    4.722    5.995 
  0.2134    5.581    5.734 
  0.3204    5.697    6.088 
  0.2465    5.245    5.741 
  0.3955    4.993    5.906 
  0.1258    5.556    5.729 
  0.2025    5.899    5.883 
  0.2523    5.798    6.329 
 0.02333    5.641    8.089 
  0.1560    5.423    5.831 
  0.1950    4.830    5.589 
  0.3585    5.073    6.259 
  0.3229    5.019    6.050 
 0.09109    5.413    6.214 
  0.2792    4.892    5.808 
  0.1076    6.140    5.422 
  0.3273    5.287    6.198 
  0.1851    5.400    6.998 
  0.1972    5.190    5.725 
  0.1144    5.572    6.272 
  0.4838    5.051    6.200 
  0.2721    5.175    5.922 
  0.2777    4.976    5.596 
  0.1555    6.232    6.481 
  0.1147    5.851    6.236 
  0.2659    5.422    6.201 
  0.2127    4.618    5.425 
  0.1921    5.664    6.214 
  0.1857    5.654    5.987 
  0.2002    6.034    6.172 
  0.1471    5.163    5.558 
  0.4517    5.048    5.134 
  0.1759    5.298    6.246 
  0.3135    5.283    5.592 
  0.3168    5.192    5.937 
 0.06410    5.878    6.365 
